657.389303
705.781327
1006.620962
660.418402
692.203808
1001.964378
653.272402
691.755455
1021.564592
611.258214
599.096365
867.573902
606.802463
600.462466
898.811324
609.434619
604.733228
942.513332
604.424386
590.115011
744.371418
600.337110
590.955004
830.055759
604.590065
594.847761
914.565644
600.313871
585.595039
640.141926
599.932729
588.587287
799.816233
608.075750
592.093888
891.928103
626.090989
648.258248
1000.167984
618.034454
653.003198
996.854108
606.397781
655.258963
1020.807196
581.755041
573.445201
867.315371
585.634907
570.732783
901.558336
587.947899
575.603103
946.442133
577.584025
561.195265
737.972781
580.101377
570.552044
816.180827
582.596455
576.854604
904.744891
575.852864
567.605290
634.575651
577.904465
573.758731
811.886573
586.304262
573.873128
886.052497
607.807643
627.731233
1009.141191
601.176512
620.591914
1038.340434
590.223679
636.587879
1034.737463
575.266415
567.889963
875.373182
574.032409
563.148719
895.394591
574.039625
566.550476
947.658123
570.254850
558.901875
739.450037
572.342935
561.086857
824.584247
575.547964
562.451253
907.149131
567.931133
561.439009
625.738961
569.924509
556.536819
813.668125
572.272938
562.201457
891.320154
592.903909
607.597184
996.690027
587.497213
609.436317
1015.048490
590.460415
629.260147
1038.729817
560.022240
557.744947
864.117321
563.936084
558.482908
912.658569
570.804004
558.088977
941.461809
562.376086
559.216932
744.808281
564.998469
558.873668
837.978930
568.322050
557.510185
907.256560
566.688952
556.417855
612.610080
562.846125
553.318293
802.723174
566.351767
558.295948
898.255081
656.832089
700.229484
968.455442
647.578417
678.231132
975.878473
628.687622
675.877373
981.401454
587.838206
572.270096
830.234867
586.366336
574.095737
847.000368
584.914612
581.249640
899.471650
582.400096
568.073942
715.424783
575.297537
567.447438
791.772281
580.753508
570.125024
867.387964
580.344808
565.955668
613.016362
577.810791
566.002298
758.881564
581.431896
575.476246
842.337728
598.907465
632.799332
963.422187
602.015902
634.334680
970.241889
594.258458
637.115305
989.051895
564.965344
560.388662
835.739413
566.113226
560.423627
858.799245
563.080836
564.880922
896.514223
565.564964
555.022676
720.318693
563.174874
555.688540
789.068205
567.127139
560.798958
864.259100
564.660851
556.104859
592.570613
557.431502
557.121695
754.680536
558.453428
555.568710
850.361011
586.015963
596.374933
954.821208
586.223202
615.561448
970.573148
576.669932
614.119840
973.471627
558.469150
550.586034
836.297567
559.471928
548.083195
856.480099
559.795372
556.016934
909.507906
556.165320
543.708851
721.104164
554.082692
547.808288
788.201510
555.974713
547.853940
859.526971
556.955902
553.771615
593.393561
555.849936
548.065295
762.229716
556.635433
553.170724
856.078520
578.054455
589.903165
964.363870
571.504716
594.346628
973.158922
565.749178
607.242644
982.572108
550.573026
549.378570
836.552687
547.219078
549.471521
857.125920
553.542562
552.135452
900.643875
551.339569
546.426667
716.178284
551.619328
549.544797
791.847555
555.907735
552.273552
852.603736
550.407496
548.715881
567.577658
551.289516
545.620526
763.826403
554.405643
549.958220
862.679835
656.345368
689.271502
936.857058
631.996483
682.197043
939.762170
621.526001
677.315796
955.462189
572.666947
570.549748
814.351695
572.829754
565.873543
835.504511
575.096762
574.284441
871.380275
566.420706
558.851159
706.409367
568.448683
557.222098
779.284204
566.896563
559.980204
848.619196
569.416646
553.936637
601.800610
567.162663
560.601328
746.933344
568.733033
564.133379
821.064964
590.887459
621.801713
948.762062
585.386574
632.176802
941.574801
587.782097
631.604136
963.610790
558.883852
549.318707
815.140608
554.963036
551.783946
829.029077
554.965068
550.113447
880.993500
555.335906
545.462137
707.397504
556.246611
544.658765
769.947656
550.151087
548.953579
847.855046
551.526446
546.597181
572.929670
555.964712
549.917999
746.792437
557.640945
554.344073
828.677850
579.484116
592.100698
935.729562
574.031897
601.502161
946.948572
569.168314
608.318266
957.045734
548.875716
546.736426
816.344122
549.394139
544.358370
830.513091
553.273581
547.632535
873.548503
548.018661
547.661643
708.755956
545.725299
545.150996
776.572948
550.060051
547.264643
850.075273
550.071970
543.806637
562.316611
547.720671
542.899166
745.215365
553.099762
545.759729
826.243546
572.739560
579.949113
941.283494
562.478640
580.059400
943.618696
558.833555
595.522131
960.689971
546.201744
541.805220
829.335249
546.644121
542.600908
842.223759
549.155928
542.272014
881.280409
543.983243
542.866871
699.002012
546.657104
551.575083
776.786560
548.983932
545.424474
849.085138
550.236935
547.188594
545.027490
546.731026
544.524854
749.480438
546.299532
546.843414
820.651955
652.779742
696.271266
923.104441
634.756302
675.670178
936.739640
616.781394
669.106484
954.276973
564.257601
563.973632
800.902788
566.850298
566.713846
818.653958
566.918714
569.277199
865.034980
562.343679
548.960520
697.676961
562.164400
551.393428
757.064600
566.303064
561.186025
833.612390
559.166805
552.514806
584.083432
557.379389
553.466163
733.220778
559.369288
556.408451
828.973582
587.753506
621.978737
928.373173
584.415672
622.802118
934.946670
577.300183
631.347452
948.511447
552.901537
549.821522
802.731056
551.420309
543.934534
826.909390
554.260134
544.199796
858.565234
545.196972
542.910754
695.529991
548.117857
544.032854
760.823134
549.674243
549.256511
834.271083
552.237486
548.066391
557.249314
547.220409
544.581364
736.515972
551.284957
547.749798
812.751381
575.053691
586.334384
917.552176
570.396148
593.556952
939.644182
565.963404
609.781693
932.414703
545.317548
542.724246
802.788686
544.528906
542.633568
820.247549
545.602453
546.307753
856.730324
547.964204
542.729674
691.424551
549.564451
542.062746
761.831835
545.777744
544.722188
823.546873
552.128001
547.055905
547.448481
549.495165
541.491095
734.321153
548.346580
541.769105
816.481282
563.525299
572.834089
927.338871
562.399327
570.015544
929.851087
556.796389
589.326710
943.438588
547.308342
538.758672
800.874637
545.098087
539.925512
827.784679
547.026145
540.859198
874.582456
544.700890
536.105896
693.635907
546.310952
541.742141
764.291612
543.204202
538.820926
830.462674
546.075527
544.477601
535.227827
545.617513
544.012622
736.954360
543.821564
544.341167