36.007955
56.455337
80.579118
34.042294
42.899052
82.798119
31.293275
41.219780
74.757086
25.555914
24.555686
67.125124
26.373731
25.442396
56.559040
26.783579
27.285542
68.529764
25.803970
22.310292
49.019325
25.205132
24.757528
60.212868
24.892803
24.714702
76.946612
24.097521
21.915003
43.258549
24.353255
26.832084
54.562558
28.299545
25.156103
72.266568
32.697295
40.960989
80.947969
28.718821
43.970066
86.212583
31.209719
44.421458
76.481316
24.095225
23.571646
59.390324
24.863956
24.106464
55.522247
25.759115
21.638964
68.546153
23.392529
22.163830
51.140039
22.973031
20.784845
62.910095
24.872063
22.129358
58.389671
22.834733
21.507422
45.866462
21.723394
24.949191
61.194395
23.310426
24.984551
67.846290
26.712765
45.467843
64.906492
24.906110
36.637334
70.937059
26.626900
47.077794
71.778639
23.037515
23.990001
66.919329
21.424912
21.595954
65.160404
18.591545
23.189532
67.689271
22.915846
22.550325
41.095575
21.739820
22.101014
61.785761
25.535192
22.253738
67.537429
24.300243
22.892173
56.785015
24.825572
23.720124
57.633493
23.379688
23.959678
68.261640
26.546646
36.148891
75.347582
24.851736
41.429260
77.344806
22.095469
44.752974
77.334333
28.046502
23.038106
65.555096
24.591094
20.444985
61.278070
24.981382
23.659329
70.585093
21.636445
22.553064
47.491829
23.089428
21.260266
68.820815
24.071771
22.136796
76.261801
23.333695
23.727410
57.437455
20.996552
23.496453
57.016530
25.197929
21.994155
67.323970
40.996184
53.061514
59.400609
30.604794
37.731341
69.009157
25.400756
38.599651
65.399561
22.317143
24.447559
52.268487
23.533476
20.977050
54.178481
25.517445
23.320378
59.008444
25.174537
22.756823
40.425554
21.458840
22.927510
49.887393
25.643148
24.809319
52.068219
22.512468
24.660357
39.002343
25.020977
20.909420
38.817843
24.313396
22.300303
52.224358
29.482436
42.930980
65.794535
26.957120
45.105232
66.614740
24.851823
41.628221
65.723214
23.829023
22.380984
45.706701
20.015803
21.806493
55.098628
22.896483
21.743113
60.336124
22.772016
22.434723
36.464028
23.751415
26.230950
48.934321
22.867547
21.946533
56.253184
23.368298
20.761574
46.918820
23.435954
21.427521
40.204992
23.321104
21.175169
53.106443
25.357354
30.550778
56.801466
23.661083
38.720104
61.436388
22.359080
41.626997
73.413140
20.475779
21.666869
56.775302
25.513076
22.779355
52.057453
23.308036
24.785733
55.629218
23.389616
24.185467
37.944343
22.873640
21.032562
48.743759
24.117939
23.121335
55.445484
23.546155
23.134635
49.320626
23.474023
21.709166
40.644870
23.527990
22.858372
48.686593
28.253269
35.751943
58.638710
23.981740
37.072864
68.579704
21.340262
41.529143
66.128202
24.838587
20.223138
58.937191
22.545737
23.727869
59.000494
22.033400
24.290827
56.341889
23.491721
25.078826
36.829205
19.989796
22.492881
42.622492
22.979887
21.760201
58.007054
23.343727
19.259622
44.779125
21.234099
24.357119
38.869527
20.325371
21.936692
56.316918
42.784037
48.143104
64.836307
28.865050
41.316716
63.764381
26.449259
39.150342
62.432312
22.080501
24.718545
48.261042
22.240929
21.096081
55.970143
22.849487
21.673540
58.871655
22.478559
22.176923
32.855222
23.167367
23.027727
39.967466
23.503405
21.306477
52.874429
21.361748
23.076230
35.953389
22.525055
24.531332
34.864879
20.788441
24.105289
51.850905
27.012060
42.926657
59.367447
27.165096
45.177650
54.700095
24.006989
40.316293
61.607523
20.930507
22.241838
49.731922
22.286700
21.022773
51.896335
21.193568
21.961883
51.589259
25.002460
21.798785
34.352425
19.617040
22.501481
44.150962
20.491706
21.788380
54.268707
23.281541
22.843909
45.497106
19.176876
22.650883
36.892147
24.829135
20.088706
46.697904
23.940505
35.718851
62.256815
26.392334
37.885900
54.015347
25.375442
41.661029
64.659311
20.042180
24.287966
46.095928
24.137721
22.653371
53.494075
22.916937
21.743920
58.096984
22.446228
23.776413
34.692877
21.907183
22.475193
41.137761
24.020374
21.802772
54.521289
21.037676
25.173850
38.384989
22.777097
21.394871
33.477732
23.283885
20.049212
50.898185
25.478948
31.121374
65.194710
23.364323
35.328198
58.509409
23.116785
44.032577
66.297641
21.838178
21.922814
42.825448
22.572115
19.884280
52.046099
24.440665
25.471882
59.838909
23.362152
23.091970
39.992778
20.510429
21.197306
43.265346
23.281221
21.369031
50.022385
21.233869
21.828489
36.920208
23.239167
23.225275
33.757575
22.665041
20.806941
50.946793
39.076233
47.200054
54.107323
36.913812
42.096152
49.212377
28.193607
35.934429
61.298923
20.059610
23.132473
46.987932
24.378740
23.840520
48.189296
22.550619
21.733329
51.515400
23.945789
22.732222
31.353951
23.426415
22.232981
32.317509
21.098307
19.712943
50.092126
22.977495
23.031475
38.820846
19.135356
21.876900
28.508161
21.621968
22.419091
42.686725
26.727755
43.460529
59.263346
26.824909
44.357726
57.278384
24.768707
37.713550
55.648844
21.552810
21.957990
46.680953
19.334638
23.274731
44.975340
22.017019
21.772768
53.706804
21.003604
21.937316
35.993927
24.851541
19.789549
36.150450
20.762921
22.320691
52.946829
22.079913
21.928004
39.682219
19.778523
23.063859
30.836154
22.937911
23.158662
45.990711
21.088121
32.775223
62.198915
23.293154
34.980073
56.826396
23.714387
43.682755
66.006377
21.774580
20.167133
48.576971
22.269748
22.367852
51.741830
21.532744
19.283321
54.700692
22.076447
22.579753
29.500795
20.933158
23.418767
31.368925
22.602622
23.410496
56.057270
22.518497
23.750755
38.214127
21.871715
23.928267
35.529281
20.783272
21.243686
44.940715
24.413803
31.417457
58.097412
23.172593
34.568911
55.214736
20.988570
45.161216
59.844435
20.469413
20.468207
48.346842
23.509692
20.507594
50.191162
23.677157
21.931179
54.921287
20.495567
20.473900
33.357109
21.690907
23.992213
34.204136
23.913699
22.168485
45.671656
21.650148
19.537793
34.538359
22.918928
22.011303
33.048016
22.066654
23.065750